2
3
123.6
01
21


18
8
71.49
3**********4******
3***0**3**63*****7
60352**0**517740*4
033441553*525132*0
310405164613661506
016377163465633215
157227515547036441
314630552102624601
463475334560260034
237505466645754743
465372057703636207
711313242525760120
307114720446037063
010126337517146663
462432770560361074
522510701534474457
137553260555411650
224024371102366352


18
9
300
320810401510856635
814237875263124066
382081076154452018
243208105048001655
531772462571616113
348137281488011852
703504140350142628
138187733480768377
636208037187676347
027744310201168420
665475046538425640
207350883656361073
473363221617613747
576384344506681701
333205726883606233
665724450705451646
323455644374368218
575181280412803046

26
9
300
32081040151085663551455854
81423787526312406637122668
38208107615445201883367085
24320810504800165571728128
53177246257161611353588864
34813728148801185230023020
70350414035014302731642628
13818773341383878550768377
63620844280371884687676347
02072077443134175020116842
06665475047368635384062564
20735088341846686656361073
47336370223125221617613747
50620764384044344506681701
33320547215768112083606233
66572543544221450705451646
32583030753455644374368218
71567523118128041280305146
80838474871551334504357848
16772228777236617838374107
28731151872154053881025461
32010501180777643166424186
30225786702174268052785387
83277443078303607774256142
25352560840854821085885700
01426767178221501526013034

22
6
287.01
**********************
*********0****4*******
****5****452**031**05*
2*3*2***0144**4240*31*
51434***5124*221523302
50102***03300321301343
004331*351214334300411
132542*231434024331442
534140*023004253002433
2111503120024512501515
5110234030101111124152
5540133413353301021122
1405043443324524153354
1403401322450050253115
5522101450211215554423
5235251325455224331300
5502354434205021442435
5425015013523251435550
1413154514124521334531
2122352554312542242040
2312340303450450034231
3351341020245523043011

3
1
7.24
000
000
000

9
6
175.54
1**1****3
30210*3*0
535323004
154340120
124125551
144151412
431234125
541100132
010451240



24
2
213.31
************************
************************
************************
*1**1**********0********
*0**0**********1********
*1**1**0*****1*1********
*1**0**10****010**1*****
*1**0*011****1001*1*0***
*0**1*100****1000*0*1**0
100*1*011****1100*0000*1
101*111101***1100*011001
00100111110**0100*101110
001000110011*1111*001100
000010011110000001001010
110100111110001110011101
111001000111101110001100
101001011011010101000110
010001011101110100101010
101001111000000111010100
101011110010111000101011
100010111101010101000010
010000111100010110011011
110110110111000100011011
011011101100100010010100


10
4
1.276
3102322310
0121232013
3021111113
0221031132
0230011012
0323321010
2003022012
2202200021
0130000020
2200022231

9
6
175.54
1**1****3
30210*3*0
535323004
154340120
124125551
144151412
431234125
541100132
010451240



18
8
71.49
3**********4******
3***0**3**63*****7
60352**0**517740*4
033441553*525132*0
310405164613661506
016377163465633215
157227515547036441
314630552102624601
463475334560260034
237505466645754743
465372057703636207
711313242525760120
307114720446037063
010126337517146663
462432770560361074
522510701534474457
137553260555411650
224024371102366352

9
6
175.54
1**1****3
30210*3*0
535323004
154340120
124125551
144151412
431234125
541100132
010451240